0.259
-0.141
0.289
-0.026
0.078
0.181
-0.282
-0.408
-0.211
-0.3
0.038
0.012
0.412
-0.008
0.278
-0.396
-0.057
0.242
0.299
0.251
0.219
0.379
0.122
-0.148
-0.127
-0.043
0.43
0.398
0.428
0.852
0.52
0.13
0.281
0.733
0.577
0.21
0.733
1.264
1.231
0.572
1.038
1.131
0.822
1.112
1.048
1.232
1.538
1.09
1.336
0.968
0.792
0.626
1.073
1.062
1.297
1.319
1.573
1.361
1.422
1.62
1.701
1.906
0.003
-0.026
0.418
-0.282
-0.362
-0.214
0.076
-0.073
-0.267
-0.03
-0.415
-0.252
-0.013
0.081
-0.389
-0.124
0.397
0.035
-0.306
0.412
0.871
-0.343
0.54
-0.233
-0.025
0.584
0.913
0.471
0.324
0.674
0.527
0.395
0.004
0.466
0.63
-0.011
0.384
1.272
0.758
1
0.786
0.951
0.99
0.863
1.153
1.026
1.143
0.212
0.398
0.695
0.537
1.448
0.614
0.501
1.531
2.224
1.433
1.276
1.034
1.324
1.144
1.217
0.359
0.951
0.572
2.101
0.808
1.277
-0.035
0.413
1.319
0.813
1.589
0.992
1.397
1.702
0.551
2.49
2.223
1.192
0.88
1.704
1.933
1.166
1.753
2.246
2.459
2.127
2.043
2.178
3.691
1.643
2.261
-0.208
-0.479
-0.03
-0.03
-0.072
0.29
-0.21
-0.234
0.303
0.033
-0.519
0.012
0.332
0.034
-0.308
0.003
0.155
-0.15
0.305
0.401
0.072
-0.017
-0.135
-0.107
0.211
0.19
0.578
0.504
-0.018
-0.081
0.19
0.035
0.223
0.107
0.238
0.339
-0.064
0.614
0.468
0.35
0.473
0.827
0.665
0.545
0.567
0.638
0.607
0.263
1.134
1.129
0.365
0.516
0.451
0.53
0.711
1.088
0.966
0.874
0.802
0.52
0.733
0.79
0.668
0.125
-0.053
0.266
-0.519
0.019
0.034
-0.498
-0.049
-0.381
-0.334
0.227
0.325
-0.488
0.041
-0.506
-0.154
0.232
0.458
-0.206
-0.631
-0.041
0.107
-0.605
0.13
-0.686
0.326
-0.154
0.556
1.132
0.726
0.333
0.012
0.965
0.348
-0.127
0.454
1.199
0.948
0.636
0.418
0.63
0.326
1.116
0.737
0.39
1.004
0.671
0.801
0.922
0.596
0.395
0.628
0.56
0.833
1.323
0.796
0.926
1.272
1.437
1.27
1.335